tmute=0.298677,0.0926276,0.444234
xmute=-1,21,50
