tmute=0.406427,0.241966,0.155009,0.181474,0.285444
xmute=0,17,24,38,50
