tmute=0.285444,0.243856,0.126654,0.0850662,0.164461,0.230624,0.26276,0.289225
xmute=-1,9,19,21,29,36,44,51
