tmute=0.289225,0.0907372,0.434783
xmute=-1,18,50
