tmute=0.073132,0.63752,0.972973
xmute=1.60556,25.5333,44.2167
