tmute=0.0683625,0.785374,0.952305
xmute=2.27778,23.9111,45.5444
