tmute=0.160681,0.124764,0.151229,0.162571
xmute=-21.6821,-0.4,22.3571,34.7893
