tmute=0.143667,0.0982987,0.141777,0.185255
xmute=-21.3143,0.810715,21.0393,36
