tnmo=0.0501319,0.25066,0.559367,0.775726
vnmo=78.0889,267.456,380.411,506.656
