n1=1999 n2=26 d1=0.001000
nt=1999 ntr=26 dt=0.001000
ns=1999
