tnmo=0.145119,0.527704,0.773087
vnmo=125.922,295.356,358.478
