cdp=4,28
tnmo=0.0395778,0.25066,0.440633,0.649077,0.773087
vnmo=26.2556,102.667,155.822,220.606,255.489
tnmo=0.0490765,0.0886543,0.119525,0.169393,0.198681
vnmo=176.044,182.7,235.944,275.878,282.533
