cdp=25,26
tnmo=0.060686,0.3219,0.627968,0.817942
vnmo=74.4278,145.856,213.961,260.472
tnmo=0.060686,0.3219,0.627968,0.817942
vnmo=74.4278,145.856,213.961,260.472
