tmute=0.125596,0.715421,0.871224
xmute=8.21111,22.6333,49.1833
