tnmo=0.0395778,0.25066,0.440633,0.649077,0.773087
vnmo=26.2556,102.667,155.822,220.606,255.489
