tnmo=0.0633245,0.0949868,0.108179,0.269129,0.316623,0.60686
vnmo=114.633,187.722,247.522,317.289,300.678,493.367
