tnmo=0.00791557,0.0451187,0.286544
vnmo=82.8667,249.256,395.678
