tnmo=0.00633245,0.0237467,0.0506596,0.283377
vnmo=56.2444,109.489,255.911,389.022
