tnmo=0.0290237,0.229551,0.503958,0.720317,0.873351
vnmo=49.5111,109.311,160.806,220.606,267.117
