tnmo=0.0245383,0.0941952,0.10686,0.124274,0.162269
vnmo=132.567,215.622,235.556,245.522,265.456
