tmute=0.442344,0.270321,0.132325,0.0567108,0.130435,0.149338
xmute=1,21,35,41,48,51
