tmute=0.228733,0.0699433,0.504726
xmute=0.160714,12.5821,48.3357
