tmute=0.465028,0.362949,0.168242,0.0510397,0.10775
xmute=-1,19,36,44,51
