tmute=0.266541,0.0888469,0.557656
xmute=-1,16,50
