tmute=0.279773,0.162571,0.113422,0.21172,0.26276,0.287335
xmute=0,19,26,38,45,52
