tmute=0.0620032,0.600954,0.968203
xmute=1.98333,25.5833,52.7889
