tmute=0.440454,0.285444,0.172023,0.119093,0.204159,0.249527
xmute=0,15,28,33,44,52
