tmute=0.440454,0.304348,0.226843,0.0812854,0.149338,0.26276
xmute=0,16,22,30,39,51
