tmute=0.465028,0.291115,0.162571,0.0850662,0.190926,0.247637
xmute=-1,17,25,33,42,50
