tmute=0.196597,0.0775047,0.550095
xmute=-1,10,50
