tmute=0.149338,0.0548204,0.589792
xmute=-0.0071429,6.37143,48.8393
