tmute=0.0491493,0.31569,0.648393
xmute=-0.0071429,19.8,48.6714
