tmute=0.489603,0.0434783,0.130435
xmute=2.00714,41.6214,47.8321
