tmute=0.434783,0.145558,0.311909
xmute=0.832143,31.0464,48.1679
