tmute=0.139887,0.073724,0.57845
xmute=-1,5,50
