tmute=0.463138,0.31569,0.120983,0.0567108,0.149338,0.213611
xmute=-1,13,31,36,44,51
