tmute=0.451796,0.31758,0.15879,0.0302457,0.0680529
xmute=-1,23,38,46,50
