tmute=0.31569,0.0888469,0.293006
xmute=-1,21,49
