tmute=0.175803,0.073724,0.593573
xmute=-1,9,50
