tmute=0.468809,0.31569,0.151229,0.0869565,0.175803,0.219282
xmute=0,17,31,37,47,52
