tmute=0.436673,0.357278,0.217391,0.0548204,0.132325
xmute=1,19,28,41,49
