tmute=0.0642722,0.253308,0.385633,0.465028
xmute=1.33571,18.625,36.4179,47.4964
