tmute=0.241966,0.0926276,0.455577
xmute=1.33571,21.3107,47.3286
