tmute=0.0453686,0.334594,0.612476
xmute=0.496429,23.6607,49.175
