tmute=0.512287,0.379962,0.175803,0.047259,0.109641
xmute=-1,17,34,43,51
