tmute=0.047259,0.604915
xmute=0.328571,48.5036
