tmute=0.268431,0.0718336,0.206049,0.340265,0.413989
xmute=0,15,20,34,50
