tmute=0.466919,0.381853,0.206049,0.0491493,0.047259
xmute=-1,18,34,43,52
