tmute=0.438563,0.3138,0.172023,0.0907372,0.177694,0.258979
xmute=-2,8,24,31,40,51
