tmute=0.376181,0.194707,0.113422,0.21172,0.266541
xmute=-1,20,29,40,52
