tmute=0.230624,0.0793951,0.502836
xmute=-0.0071429,13.7571,50.1821
