tmute=0.113422,0.0491493,0.584121
xmute=0.496429,4.18929,48.1679
