tmute=0.164461,0.0642722,0.604915
xmute=-1,7,50
