tmute=0.162571,0.155009,0.0869565,0.287335,0.646503
xmute=2.175,1.50357,11.0714,28.3607,47.6643
