tmute=0.457467,0.396975,0.194707,0.0642722,0.0491493
xmute=1,22,36,48,52
