tmute=0.451796,0.400756,0.202268,0.026465
xmute=-1,18,34,49
