tmute=0.223062,0.094518,0.52741
xmute=-1,10,50
