tmute=0.15879,0.0132325,0.166352
xmute=1.21071,29.4464,59.7893
