tmute=0.281664,0.0718336,0.478261
xmute=0.832143,14.7643,49.3429
