tmute=0.308129,0.204159,0.10397,0.128544,0.217391,0.289225,0.334594
xmute=-1,13,21,28,36,44,51
