tmute=0.391304,0.304348,0.179584,0.0642722,0.141777
xmute=-1,18,34,43,52
