tmute=0.485822,0.232514,0.0926276,0.0586011,0.126654,0.194707
xmute=-2,21,35,38,44,52
