tmute=0.468809,0.294896,0.134216,0.0756144,0.15879,0.20983
xmute=-1,20,34,39,45,51
