tnmo=0.105541,0.14248,0.203166,0.226913,0.741425
vnmo=228.911,245.522,272.1,282.067,441.533
