cdp=5,44
tnmo=0.145119,0.527704,0.773087
vnmo=125.922,295.356,358.478
tnmo=0.105541,0.14248,0.203166,0.226913,0.741425
vnmo=228.911,245.522,272.1,282.067,441.533
