ep=25,26
tmute=0.136106,0.0907372,0.0359168,0.073724,0.111531,0.145558,0.179584
xmute=-22.5786,-13.0964,0.6,8.81786,18.9321,28.4143,35.7893
tmute=0.145558,0.111531,0.0756144,0.0396975,0.0548204,0.0812854,0.119093,0.141777,0.166352,0.181474
xmute=-23.5786,-16.4143,-8.19643,-1.24286,4.65714,11.4,19.1964,25.9393,31.4179,35
