tmute=0.170132,0.128544,0.143667,0.179584
xmute=-24.3679,1.33928,21.1464,33.5786
