tnmo=0.0791557,0.110818,0.290237,0.53562
vnmo=181.078,194.367,416.956,523.267
