tnmo=0.0490765,0.0886543,0.119525,0.169393,0.198681
vnmo=176.044,182.7,235.944,275.878,282.533
