tmute=0.393195,0.241966,0.122873,0.073724,0.168242
xmute=0,25,32,43,50
