tmute=0.217391,0.0623819,0.516068
xmute=-1,12,50
