tmute=0.429112,0.289225,0.134216,0.149338,0.228733,0.283554
xmute=-1,10,25,36,44,51
