tmute=0.379962,0.283554,0.155009,0.117202,0.206049,0.298677
xmute=-2,14,23,31,40,50
