tmute=0.332703,0.109641,0.436673
xmute=0,17,50
