tmute=0.36673,0.298677,0.173913,0.115312,0.141777,0.230624,0.300567
xmute=-1,11,19,24,31,40,50
