tmute=0.361059,0.26276,0.194707,0.119093,0.0964083,0.139887,0.198488,0.249527,0.274102
xmute=-1,10,15,22,25,32,39,45,50
