tmute=0.470699,0.270321,0.119093,0.0548204,0.147448,0.213611
xmute=-1,15,30,35,43,50
